
Accuracy: 47.19%
Confusion Matrix:
[[528  47  54  14  23   7  34  44 189  60]
 [ 27 606  12  29  10  22  27  35  78 154]
 [ 92  50 302  79 128  58 150  78  35  28]
 [ 45  46  69 288  64 154 150  73  41  70]
 [ 56  37 142  43 361  36 167 102  36  20]
 [ 24  42  74 181  48 344 110 103  37  37]
 [  9  33  63  59 101  41 609  39  22  24]
 [ 34  50  32  58  85  58  50 506  31  96]
 [ 80  85  14  29  14  19  14  22 646  77]
 [ 40 205  10  24   8  20  37  38  89 529]]
Classification Report:
              precision    recall  f1-score   support

           0       0.56      0.53      0.55      1000
           1       0.50      0.61      0.55      1000
           2       0.39      0.30      0.34      1000
           3       0.36      0.29      0.32      1000
           4       0.43      0.36      0.39      1000
           5       0.45      0.34      0.39      1000
           6       0.45      0.61      0.52      1000
           7       0.49      0.51      0.50      1000
           8       0.54      0.65      0.59      1000
           9       0.48      0.53      0.51      1000

    accuracy                           0.47     10000
   macro avg       0.47      0.47      0.46     10000
weighted avg       0.47      0.47      0.46     10000

