
Accuracy: 52.09%
Classification Report:
              precision    recall  f1-score   support

           0       0.60      0.62      0.61      1000
           1       0.73      0.55      0.63      1000
           2       0.48      0.27      0.35      1000
           3       0.37      0.28      0.32      1000
           4       0.36      0.61      0.45      1000
           5       0.48      0.37      0.42      1000
           6       0.43      0.78      0.55      1000
           7       0.77      0.46      0.58      1000
           8       0.70      0.62      0.66      1000
           9       0.57      0.66      0.61      1000

    accuracy                           0.52     10000
   macro avg       0.55      0.52      0.52     10000
weighted avg       0.55      0.52      0.52     10000

