RBF Neural Network Results
Training time: 27.14 seconds
Testing time: 4.40 seconds
Accuracy: 41.45%
Confusion Matrix:
[[442  51  51  12  25  14  38  43 267  57]
 [ 29 497  16  26  15  16  60  46 108 187]
 [113  47 243  73 138  73 158  73  49  33]
 [ 59  75  59 227  55 181 148  83  38  75]
 [ 55  45 119  42 318  45 205 102  42  27]
 [ 31  51  86 150  61 327 120  99  43  32]
 [ 18  65  72  57  88  54 552  44  11  39]
 [ 41  57  37  50 118  57  77 419  40 104]
 [ 70  82   8  24  15  29  18  35 622  97]
 [ 40 193  10  17  10  17  50  53 112 498]]