RBF Network Results
Training time: 18.05 seconds
Testing time: 3.24 seconds
Accuracy: 41.45%
Confusion Matrix:
[[442  51  51  12  25  14  38  43 267  57]
 [ 29 497  16  26  15  16  60  46 108 187]
 [113  47 243  73 138  73 158  73  49  33]
 [ 59  75  59 227  55 181 148  83  38  75]
 [ 55  45 119  42 318  45 205 102  42  27]
 [ 31  51  86 150  61 327 120  99  43  32]
 [ 18  65  72  57  88  54 552  44  11  39]
 [ 41  57  37  50 118  57  77 419  40 104]
 [ 70  82   8  24  15  29  18  35 622  97]
 [ 40 193  10  17  10  17  50  53 112 498]]
Classification Report:
              precision    recall  f1-score   support

           0       0.49      0.44      0.47      1000
           1       0.43      0.50      0.46      1000
           2       0.35      0.24      0.29      1000
           3       0.33      0.23      0.27      1000
           4       0.38      0.32      0.35      1000
           5       0.40      0.33      0.36      1000
           6       0.39      0.55      0.46      1000
           7       0.42      0.42      0.42      1000
           8       0.47      0.62      0.53      1000
           9       0.43      0.50      0.46      1000

    accuracy                           0.41     10000
   macro avg       0.41      0.41      0.41     10000
weighted avg       0.41      0.41      0.41     10000


k-NN Classifier Results

k = 1
Training time: 0.04 seconds
Testing time: 1.67 seconds
Accuracy: 38.58%
Confusion Matrix:
[[508  21 101  24  59  19  47  16 181  24]
 [ 88 312  71  53  97  43  79  26 156  75]
 [ 85   4 400  59 205  51 129  25  38   4]
 [ 51  13 140 236 128 140 177  58  42  15]
 [ 59   8 191  49 435  41 134  44  33   6]
 [ 42   7 149 121 136 297 147  43  42  16]
 [ 19   4 165  75 181  56 451  18  21  10]
 [ 55  20 117  54 176  64  84 361  44  25]
 [140  38  52  38  59  18  26  20 580  29]
 [ 99  98  62  57  81  33  79  57 156 278]]
Classification Report:
              precision    recall  f1-score   support

           0       0.44      0.51      0.47      1000
           1       0.59      0.31      0.41      1000
           2       0.28      0.40      0.33      1000
           3       0.31      0.24      0.27      1000
           4       0.28      0.43      0.34      1000
           5       0.39      0.30      0.34      1000
           6       0.33      0.45      0.38      1000
           7       0.54      0.36      0.43      1000
           8       0.45      0.58      0.51      1000
           9       0.58      0.28      0.38      1000

    accuracy                           0.39     10000
   macro avg       0.42      0.39      0.39     10000
weighted avg       0.42      0.39      0.39     10000


k = 3
Training time: 0.01 seconds
Testing time: 1.52 seconds
Accuracy: 36.59%
Confusion Matrix:
[[595  13 102  22  50   6  21   2 180   9]
 [168 360  90  42  69  23  65  14 129  40]
 [153   9 453  50 194  21  79  14  23   4]
 [ 96  25 250 227 137  83 126  19  28   9]
 [107  11 282  52 412  17  70  21  27   1]
 [ 86  12 256 155 137 214  93  17  25   5]
 [ 57   6 258  82 190  23 363   4  14   3]
 [134  29 190  58 200  42  49 260  30   8]
 [189  48  60  41  50  11  12   8 572   9]
 [195 133 108  59  79  21  53  17 132 203]]
Classification Report:
              precision    recall  f1-score   support

           0       0.33      0.59      0.43      1000
           1       0.56      0.36      0.44      1000
           2       0.22      0.45      0.30      1000
           3       0.29      0.23      0.25      1000
           4       0.27      0.41      0.33      1000
           5       0.46      0.21      0.29      1000
           6       0.39      0.36      0.38      1000
           7       0.69      0.26      0.38      1000
           8       0.49      0.57      0.53      1000
           9       0.70      0.20      0.31      1000

    accuracy                           0.37     10000
   macro avg       0.44      0.37      0.36     10000
weighted avg       0.44      0.37      0.36     10000


k = 5
Training time: 0.01 seconds
Testing time: 1.37 seconds
Accuracy: 38.07%
Confusion Matrix:
[[583  10 107  12  49   5  34   5 187   8]
 [139 310  84  38 103  22  85  19 163  37]
 [107   6 459  48 213  26  90  15  32   4]
 [ 75  16 216 191 163 102 161  24  42  10]
 [ 80   4 243  36 463  21  89  25  37   2]
 [ 65   8 209 133 153 243 126  21  37   5]
 [ 26   1 220  59 234  29 406   4  19   2]
 [100  14 143  38 242  54  79 284  34  12]
 [153  25  46  34  51  15  20  12 631  13]
 [152 111  76  41  86  24  75  32 166 237]]
Classification Report:
              precision    recall  f1-score   support

           0       0.39      0.58      0.47      1000
           1       0.61      0.31      0.41      1000
           2       0.25      0.46      0.33      1000
           3       0.30      0.19      0.23      1000
           4       0.26      0.46      0.34      1000
           5       0.45      0.24      0.32      1000
           6       0.35      0.41      0.38      1000
           7       0.64      0.28      0.39      1000
           8       0.47      0.63      0.54      1000
           9       0.72      0.24      0.36      1000

    accuracy                           0.38     10000
   macro avg       0.45      0.38      0.38     10000
weighted avg       0.45      0.38      0.38     10000


Nearest Centroid Classifier Results
Training time: 0.06 seconds
Testing time: 0.00 seconds
Accuracy: 27.66%
Confusion Matrix:
[[539  54  23  15  19  39  73  18 146  74]
 [150 186  11  18  30  56 254  39  87 169]
 [254  47 107  12  65  77 310  58  29  41]
 [171  31  38  56  29 186 312  75  21  81]
 [107  29  78  14 117 102 396  69  29  59]
 [167  22  44  40  36 286 246  69  40  50]
 [114  33  43  19  24  90 537  83   6  51]
 [148  46  19  21  79 107 192 163  46 179]
 [217  89   7   9  11  92  55  12 368 140]
 [152 117   6   9  21  30 110  36 112 407]]
Classification Report:
              precision    recall  f1-score   support

           0       0.27      0.54      0.36      1000
           1       0.28      0.19      0.22      1000
           2       0.28      0.11      0.16      1000
           3       0.26      0.06      0.09      1000
           4       0.27      0.12      0.16      1000
           5       0.27      0.29      0.28      1000
           6       0.22      0.54      0.31      1000
           7       0.26      0.16      0.20      1000
           8       0.42      0.37      0.39      1000
           9       0.33      0.41      0.36      1000

    accuracy                           0.28     10000
   macro avg       0.29      0.28      0.25     10000
weighted avg       0.29      0.28      0.25     10000

